0	-5100	-3600	0
0	-5100	-3400	0
0	-5100	-3200	0
0	-5100	-3000	0
0	-5100	-2800	1
0	-5100	-2600	1
0	-5100	-2400	1
0	-5100	-2200	1
0	-5100	-2000	1
0	-5100	-1800	1
0	-5100	-1600	1
0	-5100	-1400	1
0	-5100	-1200	1
0	-5100	-1000	1
0	-5100	-800	0
0	-5100	-600	1
0	-5100	-400	1
0	-5100	-200	1
0	-5100	0	1
0	-5100	200	1
0	-5100	400	1
0	-5100	600	1
0	-5100	800	1
0	-5100	1000	1
0	-5100	1200	1
0	-5100	1400	1
0	-5100	1600	1
0	-5100	1800	1
0	-5100	2000	1
0	-5100	2200	1
0	-5100	2400	1
0	-5100	2600	0
0	-5100	2800	0
0	-5100	3000	0
0	-5100	3200	0
0	-5100	3400	0
0	-5100	3600	0
0	-4900	-3600	0
0	-4900	-3400	0
0	-4900	-3200	0
0	-4900	-3000	0
0	-4900	-2800	1
0	-4900	-2600	1
0	-4900	-2400	1
0	-4900	-2200	1
0	-4900	-2000	1
0	-4900	-1800	1
0	-4900	-1600	1
0	-4900	-1400	1
0	-4900	-1200	1
0	-4900	-1000	1
0	-4900	-800	0
0	-4900	-600	1
0	-4900	-400	1
0	-4900	-200	1
0	-4900	0	1
0	-4900	200	1
0	-4900	400	1
0	-4900	600	1
0	-4900	800	1
0	-4900	1000	1
0	-4900	1200	1
0	-4900	1400	1
0	-4900	1600	1
0	-4900	1800	1
0	-4900	2000	1
0	-4900	2200	1
0	-4900	2400	1
0	-4900	2600	1
0	-4900	2800	0
0	-4900	3000	0
0	-4900	3200	0
0	-4900	3400	0
0	-4900	3600	0
0	-4700	-3600	0
0	-4700	-3400	0
0	-4700	-3200	0
0	-4700	-3000	1
0	-4700	-2800	1
0	-4700	-2600	1
0	-4700	-2400	1
0	-4700	-2200	1
0	-4700	-2000	1
0	-4700	-1800	1
0	-4700	-1600	1
0	-4700	-1400	1
0	-4700	-1200	1
0	-4700	-1000	1
0	-4700	-800	1
0	-4700	-600	1
0	-4700	-400	1
0	-4700	-200	1
0	-4700	0	1
0	-4700	200	1
0	-4700	400	1
0	-4700	600	1
0	-4700	800	1
0	-4700	1000	1
0	-4700	1200	1
0	-4700	1400	1
0	-4700	1600	1
0	-4700	1800	1
0	-4700	2000	1
0	-4700	2200	1
0	-4700	2400	1
0	-4700	2600	1
0	-4700	2800	0
0	-4700	3000	0
0	-4700	3200	0
0	-4700	3400	0
0	-4700	3600	0
0	-4500	-3600	0
0	-4500	-3400	2
0	-4500	-3200	0
0	-4500	-3000	1
0	-4500	-2800	1
0	-4500	-2600	1
0	-4500	-2400	1
0	-4500	-2200	1
0	-4500	-2000	1
0	-4500	-1800	1
0	-4500	-1600	1
0	-4500	-1400	1
0	-4500	-1200	1
0	-4500	-1000	1
0	-4500	-800	1
0	-4500	-600	3
0	-4500	-400	3
0	-4500	-200	3
0	-4500	0	1
0	-4500	200	2
0	-4500	400	2
0	-4500	600	2
0	-4500	800	1
0	-4500	1000	2
0	-4500	1200	1
0	-4500	1400	1
0	-4500	1600	1
0	-4500	1800	1
0	-4500	2000	1
0	-4500	2200	1
0	-4500	2400	1
0	-4500	2600	0
0	-4500	2800	0
0	-4500	3000	0
0	-4500	3200	0
0	-4500	3400	0
0	-4500	3600	0
0	-4300	-3600	2
0	-4300	-3400	2
0	-4300	-3200	2
0	-4300	-3000	1
0	-4300	-2800	1
0	-4300	-2600	1
0	-4300	-2400	1
0	-4300	-2200	1
0	-4300	-2000	1
0	-4300	-1800	1
0	-4300	-1600	3
0	-4300	-1400	1
0	-4300	-1200	3
0	-4300	-1000	3
0	-4300	-800	3
0	-4300	-600	3
0	-4300	-400	3
0	-4300	-200	3
0	-4300	0	1
0	-4300	200	2
0	-4300	400	2
0	-4300	600	2
0	-4300	800	2
0	-4300	1000	2
0	-4300	1200	2
0	-4300	1400	2
0	-4300	1600	1
0	-4300	1800	1
0	-4300	2000	1
0	-4300	2200	1
0	-4300	2400	1
0	-4300	2600	1
0	-4300	2800	0
0	-4300	3000	0
0	-4300	3200	3
0	-4300	3400	3
0	-4300	3600	0
0	-4100	-3600	0
0	-4100	-3400	2
0	-4100	-3200	2
0	-4100	-3000	1
0	-4100	-2800	1
0	-4100	-2600	1
0	-4100	-2400	1
0	-4100	-2200	1
0	-4100	-2000	1
0	-4100	-1800	1
0	-4100	-1600	1
0	-4100	-1400	1
0	-4100	-1200	3
0	-4100	-1000	3
0	-4100	-800	3
0	-4100	-600	3
0	-4100	-400	3
0	-4100	-200	3
0	-4100	0	1
0	-4100	200	2
0	-4100	400	2
0	-4100	600	2
0	-4100	800	2
0	-4100	1000	2
0	-4100	1200	2
0	-4100	1400	1
0	-4100	1600	1
0	-4100	1800	1
0	-4100	2000	1
0	-4100	2200	1
0	-4100	2400	1
0	-4100	2600	1
0	-4100	2800	0
0	-4100	3000	0
0	-4100	3200	3
0	-4100	3400	3
0	-4100	3600	3
0	-3900	-3600	2
0	-3900	-3400	2
0	-3900	-3200	2
0	-3900	-3000	0
0	-3900	-2800	1
0	-3900	-2600	1
0	-3900	-2400	1
0	-3900	-2200	1
0	-3900	-2000	1
0	-3900	-1800	1
0	-3900	-1600	1
0	-3900	-1400	1
0	-3900	-1200	3
0	-3900	-1000	3
0	-3900	-800	3
0	-3900	-600	3
0	-3900	-400	3
0	-3900	-200	3
0	-3900	0	1
0	-3900	200	2
0	-3900	400	2
0	-3900	600	2
0	-3900	800	2
0	-3900	1000	2
0	-3900	1200	2
0	-3900	1400	2
0	-3900	1600	1
0	-3900	1800	1
0	-3900	2000	1
0	-3900	2200	1
0	-3900	2400	1
0	-3900	2600	1
0	-3900	2800	0
0	-3900	3000	0
0	-3900	3200	3
0	-3900	3400	3
0	-3900	3600	0
0	-3700	-3600	2
0	-3700	-3400	2
0	-3700	-3200	2
0	-3700	-3000	1
0	-3700	-2800	1
0	-3700	-2600	1
0	-3700	-2400	1
0	-3700	-2200	1
0	-3700	-2000	1
0	-3700	-1800	1
0	-3700	-1600	3
0	-3700	-1400	3
0	-3700	-1200	3
0	-3700	-1000	3
0	-3700	-800	3
0	-3700	-600	3
0	-3700	-400	1
0	-3700	-200	3
0	-3700	0	1
0	-3700	200	1
0	-3700	400	2
0	-3700	600	1
0	-3700	800	2
0	-3700	1000	2
0	-3700	1200	1
0	-3700	1400	1
0	-3700	1600	1
0	-3700	1800	1
0	-3700	2000	1
0	-3700	2200	1
0	-3700	2400	1
0	-3700	2600	1
0	-3700	2800	0
0	-3700	3000	0
0	-3700	3200	3
0	-3700	3400	3
0	-3700	3600	3
0	-3500	-3600	2
0	-3500	-3400	2
0	-3500	-3200	2
0	-3500	-3000	1
0	-3500	-2800	1
0	-3500	-2600	1
0	-3500	-2400	1
0	-3500	-2200	1
0	-3500	-2000	1
0	-3500	-1800	1
0	-3500	-1600	1
0	-3500	-1400	3
0	-3500	-1200	3
0	-3500	-1000	3
0	-3500	-800	3
0	-3500	-600	3
0	-3500	-400	3
0	-3500	-200	3
0	-3500	0	1
0	-3500	200	1
0	-3500	400	2
0	-3500	600	1
0	-3500	800	1
0	-3500	1000	1
0	-3500	1200	2
0	-3500	1400	1
0	-3500	1600	1
0	-3500	1800	1
0	-3500	2000	1
0	-3500	2200	1
0	-3500	2400	1
0	-3500	2600	1
0	-3500	2800	0
0	-3500	3000	0
0	-3500	3200	3
0	-3500	3400	3
0	-3500	3600	0
0	-3300	-3600	2
0	-3300	-3400	2
0	-3300	-3200	2
0	-3300	-3000	1
0	-3300	-2800	1
0	-3300	-2600	1
0	-3300	-2400	1
0	-3300	-2200	1
0	-3300	-2000	1
0	-3300	-1800	1
0	-3300	-1600	1
0	-3300	-1400	3
0	-3300	-1200	3
0	-3300	-1000	3
0	-3300	-800	3
0	-3300	-600	3
0	-3300	-400	3
0	-3300	-200	1
0	-3300	0	1
0	-3300	200	1
0	-3300	400	2
0	-3300	600	2
0	-3300	800	2
0	-3300	1000	1
0	-3300	1200	1
0	-3300	1400	1
0	-3300	1600	1
0	-3300	1800	1
0	-3300	2000	1
0	-3300	2200	1
0	-3300	2400	1
0	-3300	2600	1
0	-3300	2800	0
0	-3300	3000	0
0	-3300	3200	3
0	-3300	3400	3
0	-3300	3600	0
0	-3100	-3600	2
0	-3100	-3400	2
0	-3100	-3200	2
0	-3100	-3000	1
0	-3100	-2800	1
0	-3100	-2600	1
0	-3100	-2400	1
0	-3100	-2200	1
0	-3100	-2000	1
0	-3100	-1800	1
0	-3100	-1600	3
0	-3100	-1400	3
0	-3100	-1200	3
0	-3100	-1000	3
0	-3100	-800	3
0	-3100	-600	3
0	-3100	-400	3
0	-3100	-200	1
0	-3100	0	1
0	-3100	200	1
0	-3100	400	1
0	-3100	600	2
0	-3100	800	1
0	-3100	1000	1
0	-3100	1200	1
0	-3100	1400	1
0	-3100	1600	1
0	-3100	1800	1
0	-3100	2000	1
0	-3100	2200	1
0	-3100	2400	1
0	-3100	2600	1
0	-3100	2800	0
0	-3100	3000	0
0	-3100	3200	3
0	-3100	3400	3
0	-3100	3600	3
0	-2900	-3600	2
0	-2900	-3400	2
0	-2900	-3200	2
0	-2900	-3000	0
0	-2900	-2800	1
0	-2900	-2600	1
0	-2900	-2400	1
0	-2900	-2200	1
0	-2900	-2000	1
0	-2900	-1800	1
0	-2900	-1600	1
0	-2900	-1400	3
0	-2900	-1200	1
0	-2900	-1000	3
0	-2900	-800	3
0	-2900	-600	3
0	-2900	-400	1
0	-2900	-200	1
0	-2900	0	1
0	-2900	200	1
0	-2900	400	1
0	-2900	600	1
0	-2900	800	1
0	-2900	1000	1
0	-2900	1200	1
0	-2900	1400	1
0	-2900	1600	1
0	-2900	1800	1
0	-2900	2000	1
0	-2900	2200	1
0	-2900	2400	1
0	-2900	2600	1
0	-2900	2800	0
0	-2900	3000	0
0	-2900	3200	3
0	-2900	3400	3
0	-2900	3600	3
0	-2700	-3600	2
0	-2700	-3400	2
0	-2700	-3200	2
0	-2700	-3000	1
0	-2700	-2800	1
0	-2700	-2600	1
0	-2700	-2400	1
0	-2700	-2200	1
0	-2700	-2000	1
0	-2700	-1800	1
0	-2700	-1600	1
0	-2700	-1400	1
0	-2700	-1200	1
0	-2700	-1000	3
0	-2700	-800	1
0	-2700	-600	1
0	-2700	-400	1
0	-2700	-200	1
0	-2700	0	1
0	-2700	200	1
0	-2700	400	1
0	-2700	600	1
0	-2700	800	1
0	-2700	1000	1
0	-2700	1200	1
0	-2700	1400	1
0	-2700	1600	1
0	-2700	1800	1
0	-2700	2000	1
0	-2700	2200	1
0	-2700	2400	1
0	-2700	2600	1
0	-2700	2800	0
0	-2700	3000	0
0	-2700	3200	3
0	-2700	3400	3
0	-2700	3600	3
0	-2500	-3600	2
0	-2500	-3400	2
0	-2500	-3200	2
0	-2500	-3000	1
0	-2500	-2800	1
0	-2500	-2600	1
0	-2500	-2400	1
0	-2500	-2200	1
0	-2500	-2000	1
0	-2500	-1800	1
0	-2500	-1600	1
0	-2500	-1400	1
0	-2500	-1200	3
0	-2500	-1000	1
0	-2500	-800	1
0	-2500	-600	1
0	-2500	-400	1
0	-2500	-200	1
0	-2500	0	1
0	-2500	200	1
0	-2500	400	1
0	-2500	600	1
0	-2500	800	1
0	-2500	1000	1
0	-2500	1200	1
0	-2500	1400	1
0	-2500	1600	1
0	-2500	1800	1
0	-2500	2000	1
0	-2500	2200	1
0	-2500	2400	1
0	-2500	2600	0
0	-2500	2800	0
0	-2500	3000	0
0	-2500	3200	3
0	-2500	3400	3
0	-2500	3600	3
0	-2300	-3600	2
0	-2300	-3400	2
0	-2300	-3200	2
0	-2300	-3000	1
0	-2300	-2800	1
0	-2300	-2600	1
0	-2300	-2400	1
0	-2300	-2200	1
0	-2300	-2000	1
0	-2300	-1800	1
0	-2300	-1600	1
0	-2300	-1400	1
0	-2300	-1200	3
0	-2300	-1000	3
0	-2300	-800	1
0	-2300	-600	1
0	-2300	-400	1
0	-2300	-200	1
0	-2300	0	1
0	-2300	200	1
0	-2300	400	1
0	-2300	600	1
0	-2300	800	1
0	-2300	1000	1
0	-2300	1200	1
0	-2300	1400	1
0	-2300	1600	1
0	-2300	1800	1
0	-2300	2000	1
0	-2300	2200	1
0	-2300	2400	1
0	-2300	2600	1
0	-2300	2800	0
0	-2300	3000	0
0	-2300	3200	3
0	-2300	3400	3
0	-2300	3600	0
0	-2100	-3600	2
0	-2100	-3400	2
0	-2100	-3200	2
0	-2100	-3000	1
0	-2100	-2800	1
0	-2100	-2600	1
0	-2100	-2400	1
0	-2100	-2200	1
0	-2100	-2000	1
0	-2100	-1800	1
0	-2100	-1600	1
0	-2100	-1400	1
0	-2100	-1200	1
0	-2100	-1000	1
0	-2100	-800	1
0	-2100	-600	1
0	-2100	-400	1
0	-2100	-200	1
0	-2100	0	1
0	-2100	200	1
0	-2100	400	1
0	-2100	600	1
0	-2100	800	1
0	-2100	1000	1
0	-2100	1200	1
0	-2100	1400	1
0	-2100	1600	1
0	-2100	1800	1
0	-2100	2000	1
0	-2100	2200	1
0	-2100	2400	1
0	-2100	2600	1
0	-2100	2800	0
0	-2100	3000	0
0	-2100	3200	3
0	-2100	3400	3
0	-2100	3600	0
0	-1900	-3600	2
0	-1900	-3400	2
0	-1900	-3200	2
0	-1900	-3000	0
0	-1900	-2800	1
0	-1900	-2600	1
0	-1900	-2400	1
0	-1900	-2200	1
0	-1900	-2000	1
0	-1900	-1800	1
0	-1900	-1600	1
0	-1900	-1400	1
0	-1900	-1200	1
0	-1900	-1000	1
0	-1900	-800	1
0	-1900	-600	1
0	-1900	-400	1
0	-1900	-200	1
0	-1900	0	1
0	-1900	200	1
0	-1900	400	1
0	-1900	600	1
0	-1900	800	1
0	-1900	1000	1
0	-1900	1200	1
0	-1900	1400	1
0	-1900	1600	1
0	-1900	1800	1
0	-1900	2000	1
0	-1900	2200	1
0	-1900	2400	1
0	-1900	2600	1
0	-1900	2800	0
0	-1900	3000	0
0	-1900	3200	3
0	-1900	3400	3
0	-1900	3600	0
0	-1700	-3600	0
0	-1700	-3400	2
0	-1700	-3200	2
0	-1700	-3000	1
0	-1700	-2800	1
0	-1700	-2600	1
0	-1700	-2400	1
0	-1700	-2200	1
0	-1700	-2000	1
0	-1700	-1800	1
0	-1700	-1600	1
0	-1700	-1400	1
0	-1700	-1200	1
0	-1700	-1000	1
0	-1700	-800	1
0	-1700	-600	1
0	-1700	-400	1
0	-1700	-200	1
0	-1700	0	1
0	-1700	200	1
0	-1700	400	1
0	-1700	600	1
0	-1700	800	1
0	-1700	1000	1
0	-1700	1200	1
0	-1700	1400	1
0	-1700	1600	1
0	-1700	1800	1
0	-1700	2000	1
0	-1700	2200	1
0	-1700	2400	1
0	-1700	2600	1
0	-1700	2800	0
0	-1700	3000	0
0	-1700	3200	3
0	-1700	3400	3
0	-1700	3600	3
0	-1500	-3600	0
0	-1500	-3400	2
0	-1500	-3200	2
0	-1500	-3000	1
0	-1500	-2800	1
0	-1500	-2600	1
0	-1500	-2400	1
0	-1500	-2200	1
0	-1500	-2000	1
0	-1500	-1800	1
0	-1500	-1600	1
0	-1500	-1400	1
0	-1500	-1200	1
0	-1500	-1000	1
0	-1500	-800	1
0	-1500	-600	1
0	-1500	-400	1
0	-1500	-200	1
0	-1500	0	1
0	-1500	200	1
0	-1500	400	1
0	-1500	600	1
0	-1500	800	1
0	-1500	1000	1
0	-1500	1200	1
0	-1500	1400	1
0	-1500	1600	1
0	-1500	1800	1
0	-1500	2000	1
0	-1500	2200	1
0	-1500	2400	1
0	-1500	2600	1
0	-1500	2800	0
0	-1500	3000	0
0	-1500	3200	3
0	-1500	3400	3
0	-1500	3600	3
0	-1300	-3600	0
0	-1300	-3400	2
0	-1300	-3200	2
0	-1300	-3000	1
0	-1300	-2800	1
0	-1300	-2600	1
0	-1300	-2400	1
0	-1300	-2200	1
0	-1300	-2000	1
0	-1300	-1800	1
0	-1300	-1600	1
0	-1300	-1400	1
0	-1300	-1200	1
0	-1300	-1000	1
0	-1300	-800	1
0	-1300	-600	1
0	-1300	-400	1
0	-1300	-200	1
0	-1300	0	1
0	-1300	200	1
0	-1300	400	1
0	-1300	600	1
0	-1300	800	1
0	-1300	1000	1
0	-1300	1200	1
0	-1300	1400	1
0	-1300	1600	1
0	-1300	1800	1
0	-1300	2000	1
0	-1300	2200	1
0	-1300	2400	1
0	-1300	2600	1
0	-1300	2800	0
0	-1300	3000	0
0	-1300	3200	3
0	-1300	3400	3
0	-1300	3600	0
0	-1100	-3600	2
0	-1100	-3400	2
0	-1100	-3200	2
0	-1100	-3000	0
0	-1100	-2800	1
0	-1100	-2600	1
0	-1100	-2400	1
0	-1100	-2200	1
0	-1100	-2000	1
0	-1100	-1800	1
0	-1100	-1600	1
0	-1100	-1400	1
0	-1100	-1200	1
0	-1100	-1000	1
0	-1100	-800	1
0	-1100	-600	1
0	-1100	-400	1
0	-1100	-200	1
0	-1100	0	1
0	-1100	200	1
0	-1100	400	1
0	-1100	600	1
0	-1100	800	1
0	-1100	1000	1
0	-1100	1200	1
0	-1100	1400	1
0	-1100	1600	1
0	-1100	1800	1
0	-1100	2000	1
0	-1100	2200	1
0	-1100	2400	1
0	-1100	2600	1
0	-1100	2800	0
0	-1100	3000	0
0	-1100	3200	3
0	-1100	3400	3
0	-1100	3600	3
0	-900	-3600	2
0	-900	-3400	2
0	-900	-3200	2
0	-900	-3000	0
0	-900	-2800	1
0	-900	-2600	1
0	-900	-2400	1
0	-900	-2200	1
0	-900	-2000	1
0	-900	-1800	1
0	-900	-1600	1
0	-900	-1400	1
0	-900	-1200	1
0	-900	-1000	1
0	-900	-800	1
0	-900	-600	1
0	-900	-400	1
0	-900	-200	1
0	-900	0	1
0	-900	200	1
0	-900	400	1
0	-900	600	1
0	-900	800	1
0	-900	1000	1
0	-900	1200	1
0	-900	1400	1
0	-900	1600	1
0	-900	1800	1
0	-900	2000	1
0	-900	2200	1
0	-900	2400	1
0	-900	2600	1
0	-900	2800	0
0	-900	3000	0
0	-900	3200	3
0	-900	3400	3
0	-900	3600	0
0	-700	-3600	2
0	-700	-3400	2
0	-700	-3200	2
0	-700	-3000	1
0	-700	-2800	1
0	-700	-2600	1
0	-700	-2400	1
0	-700	-2200	1
0	-700	-2000	1
0	-700	-1800	1
0	-700	-1600	1
0	-700	-1400	1
0	-700	-1200	1
0	-700	-1000	1
0	-700	-800	1
0	-700	-600	1
0	-700	-400	1
0	-700	-200	1
0	-700	0	1
0	-700	200	1
0	-700	400	1
0	-700	600	1
0	-700	800	1
0	-700	1000	1
0	-700	1200	1
0	-700	1400	1
0	-700	1600	1
0	-700	1800	1
0	-700	2000	1
0	-700	2200	1
0	-700	2400	1
0	-700	2600	1
0	-700	2800	0
0	-700	3000	0
0	-700	3200	3
0	-700	3400	3
0	-700	3600	3
0	-500	-3600	2
0	-500	-3400	2
0	-500	-3200	2
0	-500	-3000	0
0	-500	-2800	1
0	-500	-2600	1
0	-500	-2400	1
0	-500	-2200	1
0	-500	-2000	1
0	-500	-1800	1
0	-500	-1600	1
0	-500	-1400	1
0	-500	-1200	1
0	-500	-1000	1
0	-500	-800	1
0	-500	-600	1
0	-500	-400	1
0	-500	-200	1
0	-500	0	1
0	-500	200	1
0	-500	400	1
0	-500	600	1
0	-500	800	1
0	-500	1000	1
0	-500	1200	1
0	-500	1400	1
0	-500	1600	1
0	-500	1800	1
0	-500	2000	1
0	-500	2200	1
0	-500	2400	1
0	-500	2600	1
0	-500	2800	0
0	-500	3000	0
0	-500	3200	3
0	-500	3400	3
0	-500	3600	3
0	-300	-3600	2
0	-300	-3400	2
0	-300	-3200	2
0	-300	-3000	1
0	-300	-2800	1
0	-300	-2600	1
0	-300	-2400	1
0	-300	-2200	1
0	-300	-2000	1
0	-300	-1800	1
0	-300	-1600	1
0	-300	-1400	1
0	-300	-1200	1
0	-300	-1000	1
0	-300	-800	1
0	-300	-600	1
0	-300	-400	1
0	-300	-200	1
0	-300	0	1
0	-300	200	1
0	-300	400	1
0	-300	600	1
0	-300	800	1
0	-300	1000	1
0	-300	1200	1
0	-300	1400	1
0	-300	1600	1
0	-300	1800	1
0	-300	2000	1
0	-300	2200	1
0	-300	2400	1
0	-300	2600	1
0	-300	2800	0
0	-300	3000	0
0	-300	3200	3
0	-300	3400	3
0	-300	3600	3
0	-100	-3600	2
0	-100	-3400	2
0	-100	-3200	2
0	-100	-3000	1
0	-100	-2800	1
0	-100	-2600	1
0	-100	-2400	1
0	-100	-2200	1
0	-100	-2000	1
0	-100	-1800	1
0	-100	-1600	1
0	-100	-1400	1
0	-100	-1200	1
0	-100	-1000	1
0	-100	-800	1
0	-100	-600	1
0	-100	-400	1
0	-100	-200	1
0	-100	0	1
0	-100	200	1
0	-100	400	1
0	-100	600	1
0	-100	800	1
0	-100	1000	1
0	-100	1200	1
0	-100	1400	1
0	-100	1600	1
0	-100	1800	1
0	-100	2000	1
0	-100	2200	1
0	-100	2400	1
0	-100	2600	1
0	-100	2800	0
0	-100	3000	0
0	-100	3200	3
0	-100	3400	3
0	-100	3600	3
0	100	-3600	0
0	100	-3400	2
0	100	-3200	2
0	100	-3000	0
0	100	-2800	1
0	100	-2600	1
0	100	-2400	1
0	100	-2200	1
0	100	-2000	1
0	100	-1800	1
0	100	-1600	1
0	100	-1400	1
0	100	-1200	1
0	100	-1000	1
0	100	-800	1
0	100	-600	1
0	100	-400	1
0	100	-200	1
0	100	0	1
0	100	200	1
0	100	400	1
0	100	600	1
0	100	800	1
0	100	1000	1
0	100	1200	1
0	100	1400	1
0	100	1600	1
0	100	1800	1
0	100	2000	1
0	100	2200	1
0	100	2400	1
0	100	2600	1
0	100	2800	0
0	100	3000	0
0	100	3200	3
0	100	3400	3
0	100	3600	3
0	300	-3600	0
0	300	-3400	2
0	300	-3200	2
0	300	-3000	0
0	300	-2800	1
0	300	-2600	1
0	300	-2400	1
0	300	-2200	1
0	300	-2000	1
0	300	-1800	1
0	300	-1600	1
0	300	-1400	1
0	300	-1200	1
0	300	-1000	1
0	300	-800	1
0	300	-600	1
0	300	-400	1
0	300	-200	1
0	300	0	1
0	300	200	1
0	300	400	1
0	300	600	1
0	300	800	1
0	300	1000	1
0	300	1200	1
0	300	1400	1
0	300	1600	1
0	300	1800	1
0	300	2000	1
0	300	2200	1
0	300	2400	1
0	300	2600	1
0	300	2800	0
0	300	3000	0
0	300	3200	3
0	300	3400	3
0	300	3600	3
0	500	-3600	2
0	500	-3400	2
0	500	-3200	2
0	500	-3000	1
0	500	-2800	1
0	500	-2600	1
0	500	-2400	1
0	500	-2200	1
0	500	-2000	1
0	500	-1800	1
0	500	-1600	1
0	500	-1400	1
0	500	-1200	1
0	500	-1000	1
0	500	-800	1
0	500	-600	1
0	500	-400	1
0	500	-200	1
0	500	0	1
0	500	200	1
0	500	400	1
0	500	600	1
0	500	800	1
0	500	1000	1
0	500	1200	1
0	500	1400	1
0	500	1600	1
0	500	1800	1
0	500	2000	1
0	500	2200	1
0	500	2400	1
0	500	2600	1
0	500	2800	0
0	500	3000	0
0	500	3200	3
0	500	3400	3
0	500	3600	3
0	700	-3600	2
0	700	-3400	2
0	700	-3200	2
0	700	-3000	1
0	700	-2800	1
0	700	-2600	1
0	700	-2400	1
0	700	-2200	1
0	700	-2000	1
0	700	-1800	1
0	700	-1600	1
0	700	-1400	1
0	700	-1200	1
0	700	-1000	1
0	700	-800	1
0	700	-600	1
0	700	-400	1
0	700	-200	1
0	700	0	1
0	700	200	1
0	700	400	1
0	700	600	1
0	700	800	1
0	700	1000	1
0	700	1200	1
0	700	1400	1
0	700	1600	1
0	700	1800	1
0	700	2000	1
0	700	2200	1
0	700	2400	1
0	700	2600	1
0	700	2800	0
0	700	3000	0
0	700	3200	3
0	700	3400	3
0	700	3600	0
0	900	-3600	2
0	900	-3400	2
0	900	-3200	2
0	900	-3000	1
0	900	-2800	1
0	900	-2600	1
0	900	-2400	1
0	900	-2200	1
0	900	-2000	1
0	900	-1800	1
0	900	-1600	1
0	900	-1400	1
0	900	-1200	1
0	900	-1000	1
0	900	-800	1
0	900	-600	1
0	900	-400	1
0	900	-200	1
0	900	0	1
0	900	200	1
0	900	400	1
0	900	600	1
0	900	800	1
0	900	1000	1
0	900	1200	1
0	900	1400	1
0	900	1600	1
0	900	1800	1
0	900	2000	1
0	900	2200	1
0	900	2400	1
0	900	2600	1
0	900	2800	3
0	900	3000	3
0	900	3200	3
0	900	3400	3
0	900	3600	3
0	1100	-3600	2
0	1100	-3400	2
0	1100	-3200	2
0	1100	-3000	1
0	1100	-2800	1
0	1100	-2600	1
0	1100	-2400	1
0	1100	-2200	1
0	1100	-2000	1
0	1100	-1800	1
0	1100	-1600	1
0	1100	-1400	1
0	1100	-1200	1
0	1100	-1000	1
0	1100	-800	1
0	1100	-600	1
0	1100	-400	1
0	1100	-200	1
0	1100	0	1
0	1100	200	1
0	1100	400	1
0	1100	600	1
0	1100	800	1
0	1100	1000	1
0	1100	1200	1
0	1100	1400	1
0	1100	1600	1
0	1100	1800	1
0	1100	2000	1
0	1100	2200	1
0	1100	2400	1
0	1100	2600	1
0	1100	2800	3
0	1100	3000	3
0	1100	3200	3
0	1100	3400	3
0	1100	3600	3
0	1300	-3600	0
0	1300	-3400	2
0	1300	-3200	2
0	1300	-3000	1
0	1300	-2800	1
0	1300	-2600	1
0	1300	-2400	1
0	1300	-2200	1
0	1300	-2000	1
0	1300	-1800	1
0	1300	-1600	1
0	1300	-1400	1
0	1300	-1200	1
0	1300	-1000	1
0	1300	-800	1
0	1300	-600	1
0	1300	-400	1
0	1300	-200	1
0	1300	0	1
0	1300	200	1
0	1300	400	1
0	1300	600	1
0	1300	800	1
0	1300	1000	1
0	1300	1200	1
0	1300	1400	1
0	1300	1600	1
0	1300	1800	1
0	1300	2000	1
0	1300	2200	1
0	1300	2400	1
0	1300	2600	1
0	1300	2800	3
0	1300	3000	3
0	1300	3200	3
0	1300	3400	3
0	1300	3600	3
0	1500	-3600	2
0	1500	-3400	2
0	1500	-3200	2
0	1500	-3000	1
0	1500	-2800	1
0	1500	-2600	1
0	1500	-2400	1
0	1500	-2200	1
0	1500	-2000	1
0	1500	-1800	1
0	1500	-1600	1
0	1500	-1400	1
0	1500	-1200	1
0	1500	-1000	1
0	1500	-800	1
0	1500	-600	1
0	1500	-400	1
0	1500	-200	1
0	1500	0	1
0	1500	200	1
0	1500	400	1
0	1500	600	1
0	1500	800	1
0	1500	1000	1
0	1500	1200	1
0	1500	1400	1
0	1500	1600	1
0	1500	1800	1
0	1500	2000	1
0	1500	2200	1
0	1500	2400	1
0	1500	2600	1
0	1500	2800	3
0	1500	3000	3
0	1500	3200	3
0	1500	3400	3
0	1500	3600	3
0	1700	-3600	2
0	1700	-3400	2
0	1700	-3200	2
0	1700	-3000	1
0	1700	-2800	1
0	1700	-2600	1
0	1700	-2400	1
0	1700	-2200	1
0	1700	-2000	1
0	1700	-1800	1
0	1700	-1600	1
0	1700	-1400	1
0	1700	-1200	1
0	1700	-1000	1
0	1700	-800	1
0	1700	-600	1
0	1700	-400	1
0	1700	-200	1
0	1700	0	1
0	1700	200	1
0	1700	400	1
0	1700	600	1
0	1700	800	1
0	1700	1000	1
0	1700	1200	1
0	1700	1400	1
0	1700	1600	1
0	1700	1800	1
0	1700	2000	1
0	1700	2200	1
0	1700	2400	1
0	1700	2600	1
0	1700	2800	3
0	1700	3000	3
0	1700	3200	3
0	1700	3400	3
0	1700	3600	3
0	1900	-3600	2
0	1900	-3400	2
0	1900	-3200	2
0	1900	-3000	2
0	1900	-2800	1
0	1900	-2600	1
0	1900	-2400	1
0	1900	-2200	1
0	1900	-2000	1
0	1900	-1800	1
0	1900	-1600	1
0	1900	-1400	1
0	1900	-1200	1
0	1900	-1000	1
0	1900	-800	1
0	1900	-600	1
0	1900	-400	1
0	1900	-200	1
0	1900	0	1
0	1900	200	1
0	1900	400	1
0	1900	600	1
0	1900	800	1
0	1900	1000	1
0	1900	1200	1
0	1900	1400	1
0	1900	1600	1
0	1900	1800	1
0	1900	2000	1
0	1900	2200	1
0	1900	2400	1
0	1900	2600	1
0	1900	2800	3
0	1900	3000	3
0	1900	3200	3
0	1900	3400	3
0	1900	3600	0
0	2100	-3600	2
0	2100	-3400	2
0	2100	-3200	2
0	2100	-3000	1
0	2100	-2800	1
0	2100	-2600	1
0	2100	-2400	1
0	2100	-2200	1
0	2100	-2000	1
0	2100	-1800	1
0	2100	-1600	1
0	2100	-1400	1
0	2100	-1200	1
0	2100	-1000	1
0	2100	-800	1
0	2100	-600	1
0	2100	-400	1
0	2100	-200	1
0	2100	0	1
0	2100	200	1
0	2100	400	1
0	2100	600	1
0	2100	800	1
0	2100	1000	1
0	2100	1200	1
0	2100	1400	1
0	2100	1600	1
0	2100	1800	1
0	2100	2000	1
0	2100	2200	1
0	2100	2400	1
0	2100	2600	1
0	2100	2800	3
0	2100	3000	3
0	2100	3200	3
0	2100	3400	3
0	2100	3600	3
0	2300	-3600	2
0	2300	-3400	2
0	2300	-3200	2
0	2300	-3000	1
0	2300	-2800	1
0	2300	-2600	1
0	2300	-2400	1
0	2300	-2200	1
0	2300	-2000	1
0	2300	-1800	1
0	2300	-1600	1
0	2300	-1400	1
0	2300	-1200	1
0	2300	-1000	1
0	2300	-800	1
0	2300	-600	1
0	2300	-400	1
0	2300	-200	1
0	2300	0	1
0	2300	200	1
0	2300	400	1
0	2300	600	1
0	2300	800	1
0	2300	1000	1
0	2300	1200	1
0	2300	1400	1
0	2300	1600	1
0	2300	1800	1
0	2300	2000	3
0	2300	2200	1
0	2300	2400	1
0	2300	2600	3
0	2300	2