-2862
342
645
-1042
310
-387
1119
190
19
1253
-919
-1698
287
-179
-283
43
388
1090
602
-859
343
296
-1371
356
496
-1266
-69
1202
-362
-1021
874
1842
-2308
55
2511
-1972
-1931
2473
-132
-1878
2698
-223
-665
2023
-1735
479
731
-2389
466
544
-757
-501
1723
-657
-646
774
-607
424
-653
-301
2382
-982
-2311
3819
-1989
-3110
5148
-1325
-2764
4124
-434
-1860
652
128
-275
-511
1162
-1616
-276
742
-519
-698
309
1195
-22
-905
1836
-999
-428
597
-814
1380
475
-2500
2132
1616
-3555
1614
1582
-2204
-27
1761
-1386
-1137
1869
-1082
-647
-446
1206
-498
-2206
2613
1083
-3017
2050
1883
-3411
692
2997
-3222
-112
3327
-2992
-1322
5236
-3495
-2200
5258
-3032
-2202
3232
-627
-1146
937
1063
-1679
-455
1648
-1103
-706
1108
1328
-2201
584
1901
-4113
1321
1656
-1624
439
1697
183
-1985
1344
314
-2409
1892
1193
-3644
2663
2098
-6769
4427
2568
-5963
2810
2747
-4974
191
4970
-5524
-1892
8009
-4760
-3851
10077
-3937
-6054
11409
-3829
-6189
9429
-4062
-6304
7647
-2327
-5859
6618
921
-7577
5997
464
-7611
6426
-894
-6029
6691
-343
-5284
5793
774
-5061
3730
1943
-3591
1784
2377
-2812
-196
2722
-2571
-1460
3365
-2480
-1276
4153
-2273
-2255
4429
-2789
-726
2282
-1737
365
1392
-1819
1212
523
245
1775
-2197
1339
-501
-3568
2776
-1472
-1051
3933
-3461
824
5033
-7652
1640
4802
-11039
4797
5543
-11858
9520
3380
-13133
11386
1911
-13778
12160
918
-12518
11731
1414
-10869
10143
828
-10454
7756
2092
-10932
6394
4425
-11441
6132
6594
-11959
6239
7458
-12955
5539
7779
-15481
7189
8107
-15794
9229
5779
-15749
11072
4650
-14895
11481
2231
-14926
12429
1027
-13519
14774
-2229
-12147
15271
-6179
-8120
16266
-8996
-3505
13833
-13991
-1250
11978
-14261
3730
10811
-12509
4695
7066
-13292
4237
5390
-11340
6346
5300
-8352
8044
147
-8670
7371
-5886
-4111
9390
-4323
541
8625
-6565
1301
4942
-10740
4145
4383
-10559
10479
2475
-9771
12195
-3889
-10427
13054
-5711
-7558
15001
-8386
-5536
14255
-10784
-3932
15208
-10905
-2148
14340
-13747
2377
11709
-17773
8327
6871
-17021
13597
-280
-12904
16767
-8285
-8707
17071
-12950
-1812
14514
-15951
4792
8752
-15403
9780
2729
-12897
12766
-1812
-8861
12181
-7324
-6333
13263
-9235
-1598
12694
-13636
1735
10357
-14144
7752
6519
-14379
11107
-162
-12091
12848
-5639
-7222
12749
-7825
-2305
10864
-9085
2355
5344
-9247
4993
232
-7066
7053
-1508
-5153
10044
-4704
-4297
10867
-9185
-1163
9412
-10232
3806
7244
-12648
6558
6634
-11592
9799
-1065
-10135
12975
-4813
-4154
11434
-6543
-1373
7215
-7630
1114
4920
-5825
3310
225
-2058
3751
-3834
2031
1105
-4668
4360
-2116
-3955
7207
-5185
-1015
7579
-8370
2992
4511
-10078
8601
98
-9308
11790
-3882
-6903
12796
-8145
-4838
14649
-12602
-1397
13883
-15851
6237
8968
-15656
12849
141
-13087
18003
-8017
-6874
16178
-16280
1873
10827
-17294
12101
272
-12444
17995
-10184
-4874
16131
-16259
3931
11688
-17706
10860
4158
-16595
14750
-1454
-11678
15140
-8240
-5877
14847
-8610
-3065
13263
-11808
1795
10398
-15951
8790
5559
-16044
14010
-947
-13107
18432
-7856
-8420
16829
-15691
-340
12843
-17393
10031
5840
-16028
15491
-2862
-10405
15360
-11494
-2037
13434
-13355
5768
5615
-11045
8176
-1510
-2390
4198
-5020
4943
-2866
-1588
7122
-9150
4222
5533
-13021
8940
2326
-11729
13328
-3616
-8839
14893
-9331
-2782
12717
-12598
3980
5980
-10866
7979
1633
-7264
5927
-468
-3820
4629
-1801
-2483
2818
-173
-2126
1695
917
-1918
1846
250
-2512
2340
-1127
-720
1348
-2446
1700
172
-1224
3310
-2683
677
3217
-5011
747
3116
-4131
617
5742
-5335
3529
4976
-10456
4859
2671
-12993
9751
632
-14252
14574
-5800
-8117
18397
-13121
1858
12284
-18945
10237
3089
-15976
16695
-6154
-8458
18297
-13706
-523
13330
-16713
9015
6408
-17501
13495
-1423
-11262
16476
-11708
-4250
13326
-17944
6764
8847
-17948
14730
-942
-12750
17582
-10984
-2499
15369
-18090
8019
4156
-16945
17503
-6058
-8291
18435
-14791
1806
10730
-18309
11604
1209
-16376
19180
-6209
-9536
19381
-16116
3011
13582
-19274
12271
3063
-15585
17404
-7952
-7633
16660
-15384
4361
10242
-18360
13629
638
-13590
18273
-10309
-2936
15318
-17941
5946
7958
-17149
13134
-770
-12095
19216
-10513
-4578
16353
-19214
9850
5361
-18940
19236
-6663
-9746
19643
-16070
2134
13191
-19357
14532
2011
-17492
19932
-9876
-3890
17810
-19559
9229
3004
-16834
18284
-9106
-2301
14436
-15990
9850
2459
-10479
12976
-8435
-488
7117
-8373
5180
-1043
-3484
4770
-4762
3196
-641
-898
6022
-9007
7862
803
-11095
12583
-9139
-5164
14300
-16357
6633
9767
-17355
15028
-2515
-8872
16283
-12832
588
10664
-14977
6554
5002
-13039
9046
1473
-11120
12202
-2076
-7707
15941
-11312
-3163
12481
-16705
9090
4123
-16253
15944
-5642
-6896
16268
-14567
2419
11580
-18748
12761
-132
-15264
21020
-12121
-705
15347
-21464
12565
772
-15887
19784
-13320
-292
15325
-18978
11496
-1013
-12350
18842
-12953
1524
9312
-18226
15580
-4181
-10425
16503
-16568
5257
9529
-18028
16507
-525
-15261
19569
-11658
-5415
15978
-19833
10729
3393
-13835
15889
-12527
2330
9651
-16078
13834
-3857
-10528
18196
-14714
-452
13649
-20712
13476
3048
-16154
20327
-11367
-3590
16429
-20009
12054
1810
-16885
20814
-9554
-6247
17749
-18190
6496
8565
-18431
16342
-4687
-7279
15188
-15436
5620
6829
-16223
10018
-489
-8314
11341
-6873
-862
6860
-9552
7713
-2803
-3786
6827
-10785
10765
-3064
-5826
14850
-14458
7151
6552
-17773
16090
-7809
-8197
19404
-18199
8385
9073
-17793
18492
-11506
-4726
16479
-20538
12177
3902
-18034
21878
-13070
-5348
21953
-24399
12345
7340
-22294
25734
-12643
-7100
19800
-22041
13310
2884
-15652
20245
-12684
-1872
13313
-17908
11299
3021
-11352
13467
-9120
-464
8135
-11113
8672
-361
-4795
7610
-5803
2549
609
-2182
3604
-6628
4794
852
-8428
12899
-9815
-705
10807
-15399
12676
-1216
-9680
15040
-10657
5166
4494
-11085
13182
-6008
-3121
8441
-9999
5342
1426
-7800
9039
-3641
-3178
9681
-8883
4347
2868
-11345
12699
-7134
-2542
13282
-14821
10936
-1113
-13023
17120
-15029
3914
11135
-17971
17062
-8111
-7420
17779
-21739
12445
3791
-14872
21988
-17762
1445
15577
-23513
18466
-883
-15473
21697
-18675