-0.982269
-0
-0.409133
-0.534155
-0.189426
-0.427954
0.20145
-0.38903
0.256364
0.0286436
0.0605595
0.216595
-0.0921119
0.0243846
0.274297
0.124033
0.142932
0.553751
-0.251888
0.824108
-0.859689
0.476503
-0.735024
0.0437977
-0.699033
-0.248847
-0.172926
-0.399983
0.0890035
-0.000856269
-0.205179
0.530639
-0.907862
0.0506694
-0.278098
-0.453159
-0.071582
0.00683701
-0.329786
0.129934
-0.374717
-0.153568
-0.130684
0.108814
-0.647116
0.0108573
-0.251611
-0.420371
0.0134072
-0.0762796
-0.242475
0.226159
-0.544157
-0.217335
0.0622427
-0.227477
-0.224374
0.17951
-0.317009
-0.106783
-0.0980503
-0.0805187
-0.233808
0.242904
-0.551973
-0.130344
-0.215352
-0.107139
-0.521927
-0.318618
0.200838
-0.457409
0.0116446
0.167191
-0.168477
-0.0724893
-0.0210854
-0.00684359
-0.185243
0.195073
-0.407196
-0.207757
0.178656
-0.188528
-0.0447017
0.223784
-0.182385
0.149873
-0.298706
0.00607826
-0.0675496
0.10647
-0.617403
0.11698
-0.252656
-0.644394
0.425737
-0.146735
-0.00280368
0.365152
-0.28891
-0.0475967
0.0822894
-0.0934751
0.170921
0.0563011
0.188696
0.524634
-0.507169
0.397984
-0.141717
-0.0389786
-0.0828076
0.34385
-0.377922
0.330208
-0.385856
0.0055729
-0.0543474
0.233491
-0.563588
0.389546
-0.594188
-0.0562048
-0.447343
-0.220239
-0.137633
-0.266512
-0.00123943
-0.048207
-0.12713
0.225147
-0.47108
-0.107283
0.196782
-0.324723
0.256962
0.455684
-0.331796
0.503201
-0.467484
0.339851
-0.841748
-0.00507755
-0.103869
-0.632628
0.144313
0.302545
-0.255189
0.0203606
-0.241099
0.532299
-0.906739
-0.437785
0.454321
-0.21578
-0.541131
0.253835
0.160273
-0.439295
0.00986408
0.51418
-0.503056
-0.0434483
0.0334106
-0.297931
0.222952
0.248186
-0.155922
0.102112
0.30679
0.414793
-0.665373
0.541416
-0.117195
-0.236271
-0.135342
0.348361
0.0525464
-0.0668023
0.164228
0.845848
-0.768404
0.569027
-0.49905
0.116067
-0.509656
0.0915499
-0.138081
-0.0925036
-0.101407
0.53366
-0.686001
0.281525
-0.325443
0.0547149
-0.366552
0.277062
-0.558918
0.373612
-0.876818
-0.126607
-0.0509283
-0.26016
-0.390872
0.505736
-0.786223
-0.0735376
-0.386682
-0.0946547
-0.643629
-0.055023
-0.373645
-0.450042
-0.144093
-0.0380973
-0.430149
-0.215503
-0.00868493
-0.178974
-0.302592
0.147426
-0.515484
-0.260222
0.0437282
-0.571349
0.448661
0.159862
-0.187695
0.513648
-0.587919
0.218555
-0.450207
-0.402173
0.209589
-0.102199
-0.190807
0.268047
-0.315386
0.0180238
-0.178259
-0.123302
-0.0517504
0.037367
-0.0530894
-0.0412261
0.121346
0.30853
-0.270309
0.383357
-0.434817
0.413906
-0.87623
-0.093902
-0.297809
-0.700746
0.527213
-0.510528
0.642682
0.522574
-0.00666031
0.566873
-0.0386817
0.782515
-0.50657
0.518043
-0.339101
0.892044
-1.61839
0.400048
-0.697939
-0.76521
-0.346325
-0.291534
-0.0636584
-0.545038
0.495173
-0.0869421
0.422178
0.878033
-0.914172
1.20377
-1.52959
-0.0318647
-0.807456
-0.966883
0.338796
-0.783818
0.564669
0.314376
-0.368222
0.76951
-0.734512
0.0823664
-0.563999
0.019773
-0.68399
-0.43992
0.0407812
-0.607992
0.300382
0.0318641
-0.332764
0.104116
0.411484
-0.442396
0.269028
0.958323
-0.414079
-0.0350559
0.541673
0.914412
-1.06677
1.22165
-1.58871
0.456818
-1.56181
-1.24367
0.48164
-0.783484
-0.553832
-0.0609661
0.131537
-0.786488
0.345228
-0.034343
0.115854
0.201958
0.0225995
0.0353361
0.00993644
0.720461
-0.979968
-0.128304
0.163507
-0.288137
-0.214472
-0.321567
1.02844
0.261309
-0.676573
1.03892
-0.169653
-0.185393
-0.265502
0.517415
-0.196914
0.074297
-0.146424
0.51222
-0.63582
0.801958
-1.434
-0.323184
0.224004
-0.560777
-0.637396
0.176791
0.286882
-0.60055
-0.0753013
0.804815
-0.79294
-0.0849527
-0.204183
-0.553153
0.52577
0.122722
-0.48232
0.177874
0.947269
0.0558196
-0.875856
1.85451
-1.4386
-1.03372
1.05731
-0.521106
0.678256
1.58937
-1.62672
1.55873
-1.43006
-0.252208
-1.15875
-0.136293
-0.654572
-0.782955
-0.615921
-0.233618
-0.215403
-0.853023
-0.231471
0.155311
-0.592621
-0.828587
0.198638
-0.303652
-0.304626
-0.578108
0.720419
-0.587157
0.572307
0.613634
-0.506234
0.386288
0.0994076
-0.0349992
-0.767388
0.616997
-0.512426
-1.29951
1.32045
0.25526
-0.996548
1.03145
-0.379726
-1.33088
1.49499
0.690021
-1.49206
1.57976
-1.32011
-1.1838
0.0466636
-0.664596
-0.152258
-0.718028
0.484369
-0.938969
1.34386
-0.188067
0.407125
0.81901
0.464271
-0.107787
0.871079
1.3164
-1.01203
1.08973
-0.420072
-0.318263
0.135425
0.579704
-1.02343
0.0875402
0.426851
-0.733334
0.26119
0.885825
-0.693254
-0.0564112
0.412069
-0.462967
0.759855
0.880318
-1.15248
0.714655
0.428446
-1.01833
0.555662
1.53973
-1.22442
-0.121929
0.800014
-0.103417
-0.439992
1.08631
-0.927986
-0.602501
1.16395
-0.760366
0.602452
1.41692
-0.477083
-0.182194
1.45552
0.520624
-0.134312
1.78252
-0.549276
0.58536
0.170227
0.634
-0.25792
1.46926
-1.02594
0.611513
-0.195852
0.698557
-1.18716
0.863919
-0.719379
-0.239987
0.124213
0.290564
-0.293223
1.35647
-1.85001
0.638372
-0.667911
-0.700684
-0.446727
0.337107
-0.570172
-0.473463
0.250487
0.346234
-0.738409
0.349245
-0.0958269
0.00253117
-0.54629
0.4283
-0.145921
-0.347032
0.438208
0.652611
-0.392616
0.945015
-0.5991
0.799711
-0.983006
0.591545
-0.949342
0.158485
-0.686981
-0.136714
-0.201127
0.0668397
-0.401222
0.423513
-0.419395
0.387975
-0.63138
0.715117
-1.20056
0.450226
-1.10114
-0.152199
-0.828217
-0.209049
-0.658356
-0.565671
0.155091
-0.147646
-0.517131
0.494769
-0.592938
0.0235397
-0.781346
0.138018
-0.421226
-0.425166
-0.238689
0.412208
-0.886774
0.114326
-0.888809
-0.0221543
-0.778082
-0.768056
-0.00372654
-0.245588
-0.51841
-0.369023
0.322984
-0.161128
-0.601227
0.403861
-0.387334
-0.642462
0.504111
0.0424688
-0.318261
0.926994
-1.06353
0.00304564
-0.234142
-0.0666686
-1.08426
0.271549
-0.941771
-1.15366
0.627905
-1.05418
0.934568
0.476684
-0.379196
1.0405
-0.93632
0.181122
-0.473925
-0.277406
-0.222725
0.147937
-0.765521
0.0645505
-0.502253
-0.367851
-0.374559
-0.237579
-0.405702
-0.352635
-0.0942481
-0.618431
0.433021
-0.039442
-0.313451
0.372906
-0.419878
-0.220655
-0.180196
-0.237124
-0.0814282
-0.327955
0.322186
-0.220624
0.184685
0.467253
-0.515501
0.12447
-0.0619686
-0.24066
-0.0551709
-0.0839735
0.286657
-0.248778
0.625608
0.395509
-0.0950295
0.929486
-0.430379
0.255256
-0.0671384
0.583317
-0.835013
0.356827
-0.181509
-0.131054
-0.200818
0.471609
-0.578511
0.408817
-0.794053
0.0980895
-0.613711
-0.195719
-0.388477
-0.420201
0.11583
-0.0459272
-0.517083
0.216068
-0.333347
-0.445025
0.219303
-0.0971541
-0.11711
0.474665
-0.701223
0.0717908
-0.388724
-0.309573
-0.227062
-0.42597
0.169548
-0.352116
0.384189
-0.241476
0.62372
0.585676
-0.487835
0.540105
0.269536
0.00283455
-0.087245
1.22196
-1.44017
0.509474
-0.890307
-0.944887
0.495215
-0.542702
0.198062
0.366896
-0.205446
0.353857
-0.353593
0.0358989
-0.0254977
0.210613
-0.596864
0.139709
-0.0491784
-0.311195
0.0248295
0.158435
-0.0204688
0.206309
-0.227047
0.271789
-0.142383
0.260413
-0.459493
0.238183
-0.170475
0.0805916
-0.479134
0.299549
-0.430009
-0.0516746
-0.472888
-0.0972118
-0.0339747
-0.306699
-0.0487066
0.281004
-0.51389
0.129945
-0.484679
-0.334497
0.0227157
-0.374569
-0.00828518
-0.185617
0.353873
-0.237861
0.434199
0.405043
-0.163913
0.653354
-0.458885
0.174389
-0.264357
0.162768
-0.424292
-0.185342
0.215377
0.0394819
-0.521517
0.275873
-0.17446
-0.424958
0.131079
-0.0498054
0.0169139
0.139382
-0.316293
-0.147221
0.401899
-0.471646
0.681637
0.195194
0.499621
0.673097
-0.000325006
0.684069
0.258585
0.839957
-0.720978
1.41085
-1.55164
0.315326
-0.900509
-0.848212
0.312337
-0.413041
-0.177068
0.232443
-0.204762
-0.0516936
-0.296772
-0.139352
0.181218
-0.300419
0.316743
0.106407
0.277527
0.60872
-0.589482
0.585547
-0.453929
0.0543945
-0.567734
-0.123055
-0.171079
-0.278454
-0.383914
-0.60316
0.988267
-0.722287
0.741251
0.635299
0.333191
0.66446
-0.36363
0.666898
0.170168
0.110473
-0.221827
1.0177
-0.77575
0.23632
-0.68017
0.0634812
-0.561736
-0.553721
0.036501
-0.728513
0.786351
-0.374614
0.453154
0.386341
0.384669
0.246406
0.00850698
0.561139
0.0904232
-0.025524
0.315049
0.433393
0.0630342
0.329986
0.0845075
0.327998
0.239477
0.244214
0.224558
0.527697
0.143438
0.493081
0.166568
0.548494
0.217159
0.940274
-0.660348
0.938384
-0.445998
0.234142
-0.442526
0.289507
-0.112866
0.0527088
-0.24371
0.138515
0.514982
-0.0574076
0.273076
1.00131
-0.157614
0.739911
-0.507853
0.802011
-0.253405
0.312906
-0.578432
0.889348
-0.753308
-0.0704063
-0.214825
0.254869
-0.396574
0.132169
-0.387925
0.284362
-0.379992
-0.131279
-0.177769
0.192329
-0.367786
-0.221631
0.191675
-0.113061
0.193267
0.0818987
0.253672
0.424548
-0.184165
0.458543
-0.18509
0.0971177
0.15863
0.0690567
0.218253
0.229309
0.559483
0.447218
0.129291
1.16553
-0.513763
0.904637
-0.88281
0.360506
-0.00403846
-0.498111
0.791272
0.83584
-0.585272
1.36639
-1.02618
0.31376
-0.346065
0.00228188
-0.393221
0.314619
-0.415519
0.0292701
-0.244857
-0.0717954
0.200238
-0.00456934
0.00482055
0.388112
0.274364
0.276851
-0.182521
1.06978
-0.742459
0.137065
0.0128492
0.102223
-0.0389115
0.428406
-0.384644
0.5842
-0.480282
-0.0971646
0.186069
0.0286228
0.195671
0.227648
0.381567
0.60417
0.0981419
0.769239
0.172882
1.19037
-0.86415
1.4911
-1.35109
0.52746
-0.884663
-0.0785767
-0.333767
0.169258
-0.866056
0.500704
-0.993444
-0.385383
-0.0757432
-0.435896
-0.150584
0.397864
-1.16762
-0.167882
0.206064
-1.42288
1.15786
0.400004
-0.0991833
0.56417
0.177107
0.52947
-0.486423
0.533926
-0.241689
0.21506
-0.464601
0.035081
0.248419
0.0277356
-0.428268
0.455454
0.0638411
-0.426006
0.493284
0.610039
-0.291169
0.564908
-0.149197
0.379796
-0.47463
0.392321
-0.348047
-0.272161
0.416117
-0.111695
0.393115
0.480792
0.06873
0.525602
0.429531
0.523295
-0.126034
1.51368
-1.13961
0.425048
-0.248927
0.0164617
-0.00765018
0.0604294
0.340116
0.890919
-0.602573
0.841178
-0.578677
0.909698
-1.3609
-0.110602
0.178065
-0.118292
-0.65799
0.102309
0.734258
0.267556
-1.24861
1.18175
-0.181798
-0.752433
-0.280118
0.948179
-0.388487
-0.526314
0.457076
1.06348
-1.14587
0.811948
-0.853303
0.308712
-1.2989
0.116907
-1.03924
-0.747946
-0.418853
-0.62319
-0.541574
-1.10217
1.15883
-0.950664
0.390115
0.793405
-0.230197
-0.197566
0.357338
0.107658
-0.0741288
0.368427
-0.322311
-0.107983
0.371917
-0.0637329
-0.196539
0.308542
0.285231
-0.0799205
-0.273045
0.708933
-0.551663
-0.362139
0.116289
-0.327326
0.321876
0.0212205
-0.390754
0.113783
0.199502
-0.839706
0.721596
-0.154173
0.950427
0.0362757
0.453123
0.885564
0.160546
0.282007
-0.0510328
0.678737
-0.0964906
-0.467541
0.99053
0.270351
0.287703
0.550172
0.499171
0.594317
0.128203
0.618131
0.449471
0.810353
-0.524016
1.08513
-0.352958
0.0672813
-0.288391
0.51781
-0.268241
-0.510034
0.758128
0.360621
-0.14678
0.348198
0.372714
0.454194
-0.357316
0.175122
0.604129
0.0483785
0.293466
0.317801
0.809167
0.952868
-0.589558
0.715507
0.691338
0.684157
-1.34108
1.08899
0.0749587
-0.813575
0.213922
0.515114
0.678841
0.445411
-0.95968
1.45619
-0.752713
-0.876712
0.327279
-0.245193
0.690283
0.0360018
-0.149678
0.429862
0.818685
-0.158891
-0.149407
0.796561
0.825314
-0.271599
-0.174143
1.14188
0.682004
-0.634785
0.375386
1.3895
0.489558
-0.161224
-0.122944
1.52998
0.520529
-1.00131
1.00901
2.28828
-0.484459
0.0286817
0.153197
2.19808
-1.62727
-1.01117
1.38315
0.864058
-1.19049
-0.263675
1.51811
0.548234
-0.966598
0.0026121
2.27162
0.535924
-1.41622
1.79401
0.701424
-0.739886
0.131592
1.48194
0.0638098
0.411271
-0.609971
0.967287
-0.129353
-0.120013
-0.577754
0.318611
0.439117
-0.936961
0.552652
0.442952
0.911163
-0.676706
1.59736
1.40358
-0.0566292
0.76476
0.814973
1.03832
-0.45193
0.458929
1.67093
0.393743
-0.172849
2.07967
0.438078
0.367444
-0.586711
2.28232
-0.526565
-0.986341
1.0962
2.45084
-2.73712
-0.364893
2.36054
-0.514588
-1.12187
2.18197
-0.143344
-0.851895
-0.14202
0.291098
1.76897
-0.566308
-0.00215796
2.95268
-1.22471
-1.22085
1.80836
1.00824
-1.33264
0.793547
0.587945
-0.858648
1.10249
0.355557
0.905251
1.09472
0.0191998
1.04965
-0.382208
0.85026
-0.437933
-0.987884
2.33848
0.0941467
-0.318441
1.95627
-0.372302
-1.46338
2.91245
-0.474517
1.85321
1.75892
1.9241
1.33899
0.60398
3.49046
-0.337434
0.310094
1.70826
3.54221
-3.03537
0.943623
2.29665
0.918856
-3.1351
2.17981
2.18404
-1.32245
-1.63435
3.94033
0.0225977
-1.73755
-1.59363
3.07931
0.238836
-4.7186
3.4563
4.85496
-3.43335
-1.43275
3.83307
1.8483
-3.20609
-0.123939
5.86862
0.930552
-4.77504
5.91221
-0.181515
-3.6075
-1.81687
4.22996
-2.90649
-7.40363
8.59179
1.76424
-5.88351
3.48079
3.98703
-7.52207
5.02308
6.799
-3.12349
-1.65706
7.33382
1.6018
-2.50831
5.92234
0.580617
-0.728213
-0.835067
3.8833
-1.11041
-1.80975
1.96765
2.09916
-1.32616
0.0726304
2.09974
1.09937
-1.97692
0.262323
4.87662
-1.35723
-0.999363
6.49275
-1.39792
-5.74954
8.73876
4.87163
-6.1629
3.95958
5.65736
-3.1516
-0.544622
9.00069
-1.8325
-3.37542
3.39883
7.17437
-9.12479
-2.27969
10.7821
-5.11317
-0.238048
12.4383
-2.1601
-6.00811
9.98248
12.7034
-20.5053
5.59248
8.14526
-17.3268
7.73392
20.2667
-19.4272
-1.52827
5.33339
-7.48473
-4.50931
2.51687
2.5896
-9.41361
7.7227
5.00656
-6.09814
2.858
1.65451
-9.86699
12.8718
3.56354
-4.23142
6.98027
6.60772
-6.23651
7.13248
16.2424
-15.4399
1.47187
9.03589
-9.57453
4.25961
14.7001
-10.3007
-1.38293
5.61838
-1.28656
-5.30686
0.887976
13.1225
-8.22499
7.241
24.0691
-22.4429
0.23408
10.1292
-13.0735
4.33638
15.1491
-10.7802
-3.5358
11.1711
-2.3688
-4.87746
11.8827
-1.51359
-11.3814
15.4813
11.5579
-16.6001
10.9545
1.69746
-14.3536
11.5892
11.498
-11.425
8.3042
-0.029781
-7.30048
5.42174
11.6931
-19.8536
1.14442
11.7371
-20.3345
14.2949
28.6469
-39.963
5.66298
0.490898
-42.3311
37.159
2.05869
-4.08332
25.1722
-9.62313
-11.8893
19.509
2.06749
-6.59188
14.9818
1.52502
-8.3912
10.4383
16.742
-23.2513
9.43777
-4.39417
-25.6874
25.6226
-0.189867
-2.16626
16.9367
-1.6858
-8.29101
18.6155
6.66894
-3.68503
25.6452
-28.0113
-1.03748
5.27512
-33.4642
41.6727
7.72308
-5.33747
40.1175
-26.5467
-11.2149
29.55
-18.9837
30.0069
39.03
-20.4101
45.2283
-42.6882
13.1137
-32.0219
-22.6338
2.8683
-26.618
10.104
-6.60824
9.57427
-5.0364
16.8489
10.5481
-8.56442
26.2932
-33.3395
-0.61886
-15.3621
-36.4515
29.6061
-35.3323
45.1403
9.16175
12.7221
33.8753
-13.1144
17.6636
-9.37232
-5.66511
11.6099
-11.5664
29.4411
7.38885
14.7501
38.0205
-21.5959
32.3415
-29.134
2.06344
-13.6877
-17.9469
10.9424
-19.9027
26.7115
-2.90594
27.2878
16.0792
20.0686
34.5692
-3.96958
48.212
-32.3323
37.8068
-47.1907
12.2663
-38.4844
-20.1095
-11.0662
-27.4827
-0.951319
-21.8779
10.3303
-22.8219
24.8406
-15.0219
33.7338
2.43869
26.074
20.7652
15.0128
23.7323
13.1085
24.5027
13.7791
32.3537
2.69223
48.6004
-25.9251
47.5961
-36.7325
23.7567
-28.8669
14.0902
-31.895
11.3209
-30.1249
-1.76358
-17.6361
-4.80189
-13.0231
1.89167
-16.2029
7.29278
-24.4426
6.22568
-28.5292
-1.71779
-29.084
-12.2228
-17.9963
-23.5116
-4.74877
-20.3267
2.15242
-15.1721
5.72128
-4.51955
-0.77109
1.46458
-5.13052
1.08173
-6.92838
-2.01603
-4.72887
-2.03889
-7.06612
-1.64733
-6.14858
-5.6696
-0.0765911
-5.35094
0.680807
2.35088
-5.27145
3.18981
-6.24058
2.67383
-10.5494
0.774515
-8.88156
-3.92193
-6.68307
-5.1023
-2.40549
-3.99968
-4.7427
0.282003
-6.33914
-2.53879
-5.87546
-2.2397
-5.28112
-5.09317
-1.33381
-2.20077
-5.34962
-0.000855082
-5.08359
-2.91424
-4.2809
-1.53629
-5.33252
-1.79207
-5.51952
-2.25895
-5.31509
-2.56454
-6.54138
-2.79927
-5.43626
-5.47783
-3.91172
-3.9333
-4.70326
-5.30339
-2.11006
-4.94344
-2.59008
-3.75928
-2.31903
-3.34993
-3.24382
-3.31072
-2.8101
-3.74067
-3.04631
-4.07855
-1.62451
-4.30366
-2.00266
-2.65439
-3.61081
-3.85894
-1.658
-5.70705
-0.146121
-3.72508
-1.01451
-3.35544
-0.884956
-2.88134
-1.44915
-3.39542
-0.878289
-2.79911
-2.43516
-3.53774
-1.20297
-5.04318
-0.373677
-5.84784
2.9659
-6.12303
4.80283
-2.81747
3.86491
-0.0975765
2.39129
0.989905
0.913395
1.97824
-0.996208
1.09108
-1.12272
0.488936
-1.72404
-0.781431
-0.172816
-1.04528
-0.149922
-0.623463
0.650788
0.660959
-1.73523
1.3193
-1.62739
-0.0552157
-2.12336
-0.126303
-1.3405
-0.868091
-1.7177
-0.40762
-1.07943
-1.09894
-1.10684
-0.387387
-0.590179
-0.332525
-1.97496
0.979195
-2.69275
-1.15197
-1.62698
-0.989419
-1.74169
-1.7907
0.252407
-1.1804
-0.957744
1.09188
-2.9331
-0.396191
-1.46269
-1.51345
-1.54724
-0.651322
-1.11238
-1.44923
-0.573407
0.331638
-2.85728
0.359457
-3.23817
-1.35874
-2.41636
-2.91115
-0.346791
-2.30986
-1.51384
-1.64532
0.345528
-3.15072
1.29715
-0.14994
-0.112374
0.330217
-1.47929
1.46771
-3.18573
-1.32068
-0.679596
-1.24076
-2.41308
-0.932246
-1.22468
-2.34897
-1.11981
-2.16891
0.572387
-2.50854
0.186197
-0.697179
-0.0139446
-2.15594
2.33593
-1.07608
1.29235
1.5732
-0.445724
1.12333
-0.396899
1.18763
-1.50776
1.09207
-1.58928
0.585703
-1.99825
0.051419
-1.38
0.0473946
-2.56966
-0.00974951
-1.85096
-1.50166
-1.14349
-0.964324
-1.20876
-0.911699
-1.21012
-1.19503
-0.384542
-1.1238
-0.731797
-0.489255
-0.650473
-0.78643
-0.699335
-0.633325
-0.188349
-0.620253
-0.760297
0.179103
-1.09724
-0.731193
-0.339336
-0.776419
0.153718
-0.117741
-0.729586
0.867336
-1.47875
-0.0598453
-1.09479
-0.118046
-1.40654
-0.509795
-0.645343
-0.612124
-0.931162
-0.116081
-0.853618
-0.398689
-1.1561
-0.079509
-0.971463
-1.01177
-0.223963
0.00570624
-1.44176
-0.305178
-0.279087
-0.82935
-0.449909
0.0525669
-0.355943
-0.0397451
-0.657043
0.613226
-1.1148
0.468037
-1.58341
0.466853
-1.94269
-0.323693
-1.3166
-0.937386
-0.665504
-0.548204
-0.931527
-0.159611
-1.07673
-0.302883
-0.966684
-0.529378
-0.58144
-0.254801
-0.90513
0.0316469
-1.05306
0.0639852
-1.48988
-0.217189
-1.07499
-0.600542
-1.03223
-0.402137
-0.998559
-0.488276
-0.960287
-0.693122
-0.342944
-0.518185
-0.744392
0.0454206
-0.889452
-0.293476
-0.826043
-0.293193
-0.611878
-0.328632
-0.647681
-0.0588263
-0.622979
-0.018918
-0.863911
0.271096
-1.10093
0.0383883
-1.174
0.0539898
-1.40935
-0.387964
-0.784653
-0.64166
-0.774151
-0.22732
-0.516967
-0.467385
-0.431863
0.491146
-1.42751
0.118321
-0.938395
-0.265112
-0.973713
-0.182368
-0.780422
-0.046624
-1.02406
-0.085106
-0.816665
0.0759607
-1.22585
-0.0234544
-0.97341
0.0400771
-1.46996
-0.220729
-0.8173
-0.223402
-1.57076
-0.188139
-0.695226
-0.677857
-1.2462
0.005165
-0.778987
-0.908223
-0.564179
0.175019
-1.17754
-0.223816
-0.981769
-0.278893
-0.825968
-0.447608
-0.822354
-0.0355941
-1.07744
-0.362325
-0.833665
-0.389567
-0.637978
-0.450098
-0.520831
0.056748
-1.04309
0.0456573
-1.05886
-0.292205
-0.796863
-0.505835
-0.43029
-0.221443
-0.695573
0.153428
-0.91779
-0.0758176
-0.748169
0.00641244
-1.0908
-0.0440241
-0.721277
-0.338015
-0.707243
0.132952
-0.946076
0.00631909
-0.932015
0.0804766
-1.18955
-0.0033053
-1.17154
-0.364839
-0.759947
-0.389029
-0.839263
-0.0932103
-0.899459
-0.255888
-0.793296
-0.205655
-0.769825
-0.161208
-0.842767
-0.102873
-0.799726
-0.154597
-0.913072
-0.0865862
-0.767865
-0.328172
-0.642177
0.106928
-1.19372
-0.0430665
-0.886762
-0.50363
-0.589104
-0.289989
-0.610159
-0.124342
-0.677421
-0.0919079
-0.592665
-0.0523268
-0.736712
0.0978861
-0.743412
-0.0315948
-0.822244
0.119874
-0.847098
-0.172019
-0.643727
0.118525
-1.0188
-0.0267063
-0.694982
-0.149638
-0.770393
-0.0352986
-0.615027
0.00594013
-0.819624
0.146338
-0.843089
0.0123158
-0.777141
-0.13422
-0.429486
0.196542
-1.09828
0.357262
-0.705047
-0.137377
-0.919119
0.554725
-1.22466
-0.200088
-0.688937
0.210143
-1.37785
-0