-3.490653187413070846e-01 1.769906186981140550e-02
-3.490653187413070846e-01 -2.371889448242248122e-02
-8.625518064811199537e-02 -7.943913160515858607e-02
1.462092816979374543e-01 -1.048135737714595006e-01
1.671532327218694380e-01 -1.042814944456600390e-01
1.880971837458014218e-01 -9.761347456810276491e-02
3.490653187413077507e-01 -2.081152899720284388e-02
3.490653187413068625e-01 2.367439763091083726e-02
3.490619904322562750e-01 3.134777083894824123e-02
3.490521509681812073e-01 3.289159544096276200e-02
5.428124812654977482e-02 7.301846198956440936e-02
3.333729710261779111e-02 7.555447214893340480e-02
-1.370118072072090687e-01 6.182357176668262788e-02
-3.045634153986649384e-01 4.529517526606086086e-02
-3.464513174465289058e-01 3.809507606270412516e-02
-3.490521509681814294e-01 2.688992413361201983e-02
