1.699124224415723194e+00 8.027385927110541886e-02
1.233497134708993803e+00 3.814698073900424369e-02
1.221734336362638507e+00 3.303570414944645428e-02
1.221731008053589029e+00 2.997106218261702537e-02
1.221731008053588807e+00 -2.218490934448236196e-02
1.221734336362639395e+00 -2.832429741458031280e-02
1.387330037908086178e+00 -8.193801100684106054e-02
1.408273988932018161e+00 -8.754187223279941144e-02
1.846147565532003654e+00 -8.362343757179857562e-02
1.875968934698031498e+00 -5.055082003586108819e-02
1.877019797181160188e+00 -3.472772679236624249e-02
1.874609972599163399e+00 -2.771594679655109417e-02
1.867465669244886328e+00 -1.596956881916611337e-02
1.819094053734237271e+00 2.779997206837503398e-02
1.796903613725489235e+00 4.232048638742580415e-02
1.720068175439655178e+00 7.927195345896542733e-02
