1.722692118094359737e+00 1.358217954582652265e-01
1.157769468689235914e+00 5.876522733409217381e-02
1.113037414940194036e+00 2.253546723392729767e-03
1.111461121215501002e+00 -1.687895891409685323e-02
1.115125413059567805e+00 -2.514592142771931993e-02
1.242006549820514394e+00 -1.129097219154725495e-01
1.272235207984676375e+00 -1.224295807174516915e-01
1.894373030208007513e+00 -1.301999178943963331e-01
2.094389312443282414e+00 -1.185241053268145661e-01
2.094394304906859627e+00 -7.711149906602654536e-02
2.094394304906857851e+00 1.722930217298879185e-02
2.030570175455610915e+00 5.114072143441650287e-02
1.999154248919712717e+00 6.644980402195022062e-02
