1.737622593701971141e+00 1.043560170524370501e-01
1.132307377083223043e+00 4.959107496070552096e-02
1.117015739232961158e+00 4.294641539428039473e-02
1.117011412431196726e+00 3.896238083740213159e-02
1.117011412431195394e+00 -2.915878344572742087e-03
1.117011412431196504e+00 -2.884038214782707124e-02
1.117015739232962268e+00 -3.682158663895440665e-02
1.332290151242043086e+00 -1.065194143088933759e-01
1.359517287573154709e+00 -1.138044339026392376e-01
1.928752937153135782e+00 -1.087104688433381539e-01
1.967520717068971914e+00 -6.571606604661942019e-02
1.968886838297039255e+00 -4.514604483007611524e-02
1.965754066340443362e+00 -3.603073083551642380e-02
1.956466471979883215e+00 -2.076043946491594808e-02
1.893583371816039529e+00 3.613996368888754834e-02
1.864735799804666971e+00 5.501663230365354956e-02
1.764849730033082764e+00 1.030535394966550639e-01
